2164075 
2851451 80289 
210088 2953922 
2166488 
2710445 698227 
195716 
224908 3569997 
17820 525346 
200559 1271924 
342047 1883408 934225 
302301 3086884 
3917146 
1204873 1314054 
2716698 
4177528 
381023 
2692378 4293956 1423542 
1416414 
1564039 
3347472 452157 
2297034 
1788799 
3275333 
4286817 439147 501844 
3213846 
365534 160536 167835 291423 
1577178 
2353377 
4336675 3650568 
867046 
2482005 1550508 
1748364 442141 
3101709 
114074 2055 2755591 
2583365 3925205 
209838 
4141904 
286370 194596 
1695685 3700766 
3661905 1382043 
340497 
1322945 
3169065 3452987 2073761 
1261184 698447 
2707142 4435055 214220 
746898 
1348902 
626545 3674702 
83506 4379837 
2739640 3012609 2413277 
698675 3370868 
368 2645296 
1314184 1370413 4368909 
3920071 681723 
142622 
3493445 
395459 
4417177 
19932 782982 
3166515 
2594071 2145593 
119571 22182 
415764 
3783119 
62055 3378932 
1528010 
1786014 991353 3244795 1854623 
2092714 1744020 
1251649 610602 
2221056 
2546266 
1545568 159555 2288458 33473 
2049885 2988677 
4262896 
3459418 
1091716 2313042 
3752978 3822197 
3857621 2291020 
3861855 
927675 46640 2603308 1599122 
54150 2692639 
1409456 
2399512 
24991 
4292596 
3541776 3673154 
2468081 2642430 
3045803 
1366494 166770 57978 
3252125 2295096 
4203349 
3072758 
1680420 924944 3459934 
1732329 
64904 
2164037 3591891 
576077 
3589702 
1836995 
3821226 2927523 
2621053 
465700 63440 
3971832 
888570 
2500643 
27749 193704 
1320001 
623259 1070720 
2837494 
1237945 243367 392997 
1272396 67775 
4434230 1393100 
3581562 107294 1516544 
3279484 
2259756 
1779078 
2577797 
3094590 
340487 3463154 1132730 
3905719 
998022 2812773 
2123693 1836990 2359905 
1501727 
136349 
343040 
3554114 
2145432 3018007 
1327569 
3053779 1337095 2003168 2786602 1483809 
1772447 
442678 2420842 
1263882 
198921 
3377613 
3552766 
2357692 
1247370 2443523 190352 
649132 1811248 3624820 2031241 97532 
2720771 
1010861 
867257 1683711 
1135690 
929081 
250352 3650677 
1324479 
3860911 9111 
1761614 
643456 
3346952 1235486 
924743 2979384 390113 
560984 2746938 1760110 1514369 
45276 
116125 
2143574 
4370268 743798 
3049058 
3245823 
2901603 
2921558 
3072259 
2169596 
598974 1535307 
1829022 
1893918 
367955 
3127914 
1279382 295872 
3309311 
1690592 
365957 2330058 
3851211 
3195653 2885333 3026758 
2101722 3626105 749571 53049 
4347 
958540 
45070 
489163 
2811471 40625 
197097 
468174 254131 
509680 1550561 
2561877 
1836952 
814724 
2976532 
170364 2968015 
7507 
1686293 2821333 
3080515 
3903197 
1009652 3486657 
29583 2825041 
3615692 
2361212 
50243 3588032 
1205377 1331938 
96192 
1918235 
3529905 
2180296 
90413 274447 
3062107 3129899 3984987 
2726616 
71694 
3266145 3834646 
2538101 
1943980 28796 
2961193 2533255 2056466 
3362719 
4069080 
338558 4424588 3818158 
3234821 1416944 
1382049 103022 599738 131718 
3830710 102323 196318 
3107678 3296462 1405837 
2662473 136674 
1800714 1538094 
3646578 
129106 1705351 3859969 
3962410 1636804 
2651492 
1571032 1282687 
3651541 3971000 3841420 
852105 1256135 
421343 2934833 
2502847 
379587 3962693 
2582120 80174 
900951 
162185 
1460140 2255072 1813268 571188 
2422134 
739328 1285393 3009404 3000989 
1266268 
1125013 
2020190 
2693685 
1108511 
201836 1363019 
843804 
7927 254133 3572662 
569079 
1428318 
1836998 
2358467 2192794 
125011 
135208 2638835 
3975391 
3367633 
59041 3425086 
291979 182724 3433182 4231637 
1462947 1490138 
3827652 
392044 
2377493 
534650 3757735 83678 
97738 2053648 
1697733 
2768299 
3204701 
3797416 304650 3532885 
3506944 1695285 
1771 3453305 1828678 2082945 
58913 
1197002 
4195519 
3860947 
1671210 709973 
1309582 
422783 
1659008 3464517 1650669 
4101419 1940159 3642384 68583 
1592635 
2539495 22454 
1599916 718900 
1720467 1329782 780937 
461510 
1003460 
996308 
599778 2329842 
1624510 2348542 
1330035 
26021 
520280 
859577 
4575 3794105 
2514592 
2808199 20124 
1604013 2297037 
1300232 
3068056 1104088 
23191 
2580746 
447625 968708 1710224 
3427961 
617326 
277101 2979748 
44459 3451222 
99378 3972349 
960590 
1764096 
1544792 773960 
3787319 3558215 
3232304 
92837 
3036554 1359294 
1117478 
3618390 
2857908 
1356608 3337612 
1667384 
856960 
63715 
3553333 
1501695 
182549 
713490 182533 
3564402 3288389 457556 482485 
662145 737868 1071760 
1691007 
2953725 1744630 
3761206 
4143088 
24692 
739332 
3443658 119570 
211355 
1889686 
165270 
1153416 1985034 
3957187 896361 
210830 1870455 
1512006 54436 633949 
3816308 
3702753 1226495 
2698441 915956 
542666 1772209 506635 
108136 3588809 
119545 2180773 
2508839 992123 
2442620 
3321332 3128428 
570295 652337 
426213 361391 4285325 
1676756 
2032927 2870335 2556625 
2552200 2878998 1942911 
3043567 
3390973 2491335 448036 
1699441 
3962823 2154676 
2261141 
416799 
577905 
187635 1151584 
217635 2196042 
1956388 179601 2102475 
2298706 
152411 364438 
3515427 
1249794 2199000 3464226 
2719474 
2349213 117719 305845 570365 
996758 
2412981 
130992 1005522 12566 
3466093 370977 
195945 
537536 
2300799 46685 
2997126 2430175 
3725509 
3331515 3716238 1546338 2123807 
19009 
2915741 3201047 
1611668 3380732 2321080 
3138503 39906 
1414561 
2979731 
1976201 2489667 3071066 
710715 
231394 
1839243 
641832 
2294818 896166 
2482640 
4089042 
1423792 2544214 
188427 
2012035 
406037 
3384453 3129836 3357019 
2642860 
21163 
2223776 2180592 
2937314 
3020664 
1688295 
1143811 666320 
867108 315859 1176580 
3555446 
2501939 
3452268 3538466 3976694 514783 
270380 
3991038 1543937 
152223 
2209264 
1918416 
666112 2958970 
515711 
1015475 909508 122969 
4036767 
2371356 
2751579 2474432 530350 
1835739 
648402 
465134 
3948271 758559 
109156 498712 
2961459 2110965 
1684515 673778 525169 
1063869 
35871 
1319696 
2883959 
1470398 
190531 771775 
2103783 3734677 4348670 2714271 
1116933 
1962738 784555 43399 
3261742 974438 705608 
1056195 
1835322 1534666 1052026 2654987 
2702684 
815142 
1352652 
3734011 
2684375 
380690 2230150 3965445 
201092 115594 
3499613 624360 239309 3036727 
3886118 1169309 
60946 3784559 
2070044 
2471818 1890922 526219 
28709 947600 
213944 
517628 3546936 447648 
1417109 2731178 23023 
71347 
3533160 2524254 
1230348 
3872788 3149606 3159468 2671532 
2194310 
2823013 2489396 
1545578 
4126457 
108030 2229252 
320296 1323103 3906334 
2382213 2627610 
579658 
1629019 3195385 
2800671 
4428337 
2117974 
202114 
3845974 
603931 3701626 1238081 
3279331 
3255686 
1939481 
3238391 
28988 
1341185 
314149 1597715 
760765 
2577217 11688 
33917 3916886 
3851627 
655599 
1322019 1948314 
43318 
2698722 
1661645 
3040703 
1527323 3052469 
4020999 4346759 331970 
132956 
1014962 
1385451 
35391 522808 
2517027 
215383 
1408354 1597508 
724451 2000011 
3048528 2370269 
1003381 
4207807 
1698535 
119506 
1022306 3673339 
545919 
2671425 3695873 
1930961 
2602751 1777901 
3706519 2577946 
459215 3966112 
1328401 961145 
3633310 
1503632 
918680 1920554 506696 
3701390 3103666 766148 
4374400 2404729 
3692369 1993878 3601208 
95980 
498626 
49162 
633014 
1372815 3096924 
3758582 
2910361 
69683 
2471717 
2811379 
69662 1772159 
3989430 1975774 
3174611 
112888 1733036 
2853255 1999298 
2979488 24687 
3860115 1677651 
2406676 
3868032 2177136 
68584 165957 
2064305 628749 
3242368 2437525 732019 
3336583 
2100129 
1750832 
1279622 
3212 9345 
88425 
563679 
1143329 
136897 2160946 
91108 
4332447 
1233574 2354032 
379902 347545 
2221046 3697211 
194024 
819974 
3405936 
1695788 
910663 
2506774 
4294676 502862 
243890 414 
4252879 2799536 
21202 
4424273 
1091271 1432467 
202932 1453103 119691 
1688440 501671 
1366495 3333206 
34614 2980907 
3742981 
2487813 4346775 
1917416 177335 
3861927 
2209570 1549504 
1029059 
797451 1668238 1691807 
510144 
4343211 
1552973 
179957 1291517 
61259 
3508781 3051120 
1637295 
2195031 92362 
13332 4009887 
3245512 4097183 1823223 
25396 
1328911 3328080 61468 
4437287 3166753 2504421 
3884764 
3664620 1355490 
83093 2055203 4292277 
1428019 2700364 3038231 
10257 
1867486 
2378188 
3859294 432222 
4400393 2060653 
4438536 1177 
407105 
29235 
2894233 
608472 1567164 4096676 248816 1630816 
2163375 
2454200 109089 1289228 
1939804 1490757 
1482023 3443878 
795182 2174305 
134691 1421006 
77332 1067878 
8448 82977 
2218136 
3803894 
4328914 2789071 
1800555 
1822809 
50017 521203 413322 
255909 3540113 
317329 1093727 
1218161 646347 
2373942 161165 
19367 
2413723 2829916 
2297133 
1025110 
93752 2453564 
1244833 
19243 
3188840 
2252201 
1447274 
829025 
3538486 
1660937 3029048 1365747 
65314 
617808 
2878179 
1748940 
714200 
1209614 3615410 
610188 4319151 
2680050 
1557096 
328472 1886377 
798333 
2004885 1615424 
2281561 
14309 
3414461 1666639 
764709 3466934 529994 
3947432 2169561 
1202520 2232865 
23561 
2669198 10910 1841966 
670039 855646 820399 23022 
3172809 1928171 
1383461 1190638 
1667879 
900461 2409093 
2256052 1209152 
293938 
3351996 
89250 
3270424 2475220 
156233 2640092 90064 
1939142 
256717 2138565 2204204 
525010 
2873603 1826592 
32566 2947235 
4302518 
2629051 2674801 2709259 
2940610 862241 
1046517 3544873 
2862237 635233 
1009487 
2203147 2965184 
2635812 
4176096 818818 
1377808 
301544 
125381 
2857148 
2815918 
807312 
1093853 597644 
3613920 542951 
2628667 17010 
489954 2499890 680849 2712186 
3959787 
3493015 
108133 
1373697 550530 402566 2538511 
18612 12922 
2560634 2678603 
24662 
202942 
647955 1055412 
3394069 120723 539862 1254810 
2317589 
700715 
3247108 
3423505 2679631 
1770477 2922599 3296504 
892449 
2721836 
53327 1355137 3066414 
206935 4189081 3409308 1832732 
403535 
177159 
960671 
2600335 
3236628 4430836 264979 3536523 
516259 1622678 
2808060 995176 2535040 
648070 
76983 462890 538996 3752640 
1334379 1623763 
81389 2991772 2410745 38932 
162834 1051184 
3875939 
1825825 3964585 806050 
1169 
249910 
2544047 
303357 
715586 
952432 364404 
79204 
55692 2948182 1645979 
3577970 2960065 
677890 
1171400 76500 
1029110 2722129 4294100 
3365298 
4023426 
3098682 204916 169161 
3198858 2872999 1943457 
961066 
1908433 
1700046 1086558 
3651423 865271 1352003 
4133371 
4166638 1218367 2719514 
2931458 43007 
15170 3131263 3482700 
2530325 
645974 547089 
28991 
3857945 883282 
1049747 
94024 
1816988 
118987 698696 
3502542 
1095289 
2208298 
2696033 318367 884146 
63439 
2019978 3834599 
179689 
3594014 3611697 
1326442 
4150981 
1803674 626494 2052010 
162578 
3630749 2410553 47182 
3033988 
72307 910521 
14471 619700 
1631042 97151 
135085 
3629595 
1421958 17215 
17937 12595 
3230753 
2968498 
3476078 2577798 
454627 2233505 
107205 3907437 
4232301 
379741 369389 2999959 1785485 
3309391 39899 
626563 2163178 
4403652 
2015436 
2301722 777516 3321949 
2399027 
2340890 
1254323 
39853 2756483 
1624319 3580370 
197021 
2510474 
173457 
54350 
1598966 
2888200 
4190374 
2612829 383148 3891805 
624498 
1221457 
42577 
3951376 
3875122 
1350323 461146 
655438 
1446463 1834175 
114329 647980 
2365225 
567627 2202960 
2311908 
1067462 
1892645 
2876182 
2639486 789222 
11176 
1997529 
854074 
490995 1033920 
266295 
1088634 620190 2330304 
631131 
171985 2636136 
701890 
793526 
3674876 149197 
1377802 2894334 
3393860 
710245 
1126957 2212528 
1702108 
234832 668392 1296456 
2239907 1305383 747366 
194851 
1681680 
1216572 3676823 
54100 3072719 
3998876 
210709 
1003296 260721 2658332 
3509678 
3776531 
33444 
3572999 762100 
2697537 872188 3881167 
1551019 
83863 
566004 
996192 
1658695 
1656563 76560 
1388071 1369864 
1779132 902017 
381537 
3350094 
2297102 
1818268 
36443 
3875102 380709 949816 
925308 15455 3799539 
3959532 901974 2681698 422929 
1413574 
569076 1469900 
3528108 603356 
3100709 431865 
2612189 3382493 
756256 
785028 
1662565 
2411708 
19793 3473825 
681 
2197563 119195 3846272 
455487 4225632 
219095 
128077 
1501767 
365161 
1225334 
970992 
761157 2368582 
2890889 3856346 1663426 
2678534 445296 
3328161 
1479310 2597949 
552064 
1956131 1063185 
886184 
919 
175265 
1320893 
3054252 1330758 
228138 45067 1458156 
3007498 
714362 
3444036 
266371 409181 
2029959 
3101589 
1597942 
2233313 
1544478 2152594 4048254 
147980 
1111098 
3803498 
1316149 
1311393 
4321853 
2489673 
1424552 
964830 738614 2911882 
4291899 963378 2345150 
728715 
722739 
310027 2765425 1157891 
4000081 
1132432 
3704531 
1600597 929037 1463014 
2291394 2607412 
4166858 4145708 3158221 
4083274 2365519 
2862316 
483157 
2358583 
3471187 731759 
918536 3738386 
1307701 
1996618 
3828277 93251 
178425 1909923 2042817 
817006 
522070 
1079218 
2293978 113149 549716 
2712613 
1998558 
2156554 
3619054 1218420 
2742476 
2743946 
1754784 4181388 2199132 
682300 
783739 
3490904 2894255 
2977507 
1830979 
2004695 
112417 
795626 
212540 3685479 2517311 
2017025 
2219267 
1545273 2328534 
2012007 1108217 
72778 45915 2029979 
128012 2654763 
771557 2377518 
4147027 2397681 
2767384 
2464056 28604 
4072951 
135720 
287945 
4368277 
672878 
314472 1879279 
1779084 
292026 
53083 
506948 
2328821 983444 
1373508 
4341007 1284148 2879838 310524 
3509496 60912 454453 
3225501 
1574463 
1231 2961521 6126 3993048 
1952808 4317426 
1685152 
3509629 1632704 
4068724 2173059 
614706 
4115407 
2869914 
771408 
805674 2868535 
1376661 2742020 
1904095 228182 
12680 
1525278 
2539484 171636 3860606 
280446 
1154782 
20673 
1677717 
2381217 15429 
1228259 
2269334 159369 
2941156 
3293729 3883761 
3591644 1817262 
2867243 
3333536 993584 
2413606 2173121 
3349971 
13997 
1490724 
167552 
3289381 1521730 
3847694 3051560 3560795 
2661727 208532 
2794141 
55527 1876726 
790384 
159777 
3362342 3285534 
921465 2399777 
676854 
1229270 
156895 
238174 32484 
318405 
2471645 
1284252 
2567872 
2051670 
3628400 
214288 
2222208 
1711877 
1567555 2217914 
2443218 
2914566 
4156741 
3368646 
1889610 3776883 
1908529 3527416 
237957 
2193728 
3036481 1304948 
3389665 
1705048 666856 
197027 
4360063 
1425007 
3667826 2290670 
2097901 
3055 1884630 
1148859 
4381388 
2970101 
4209974 
672759 
327160 
100217 
1190193 
1837210 3223686 
124049 
571774 
1724547 4220999 
1660403 412261 
1660322 31185 1399009 14694 1404848 
1602039 
2741140 
2166824 
2546016 3667930 2181393 
2042884 4091492 3844278 3328629 
970896 
2621741 
2829749 
917150 474148 3601830 
3844741 
1644744 994918 
2356539 
86361 
2407042 1059208 
45454 3827169 
18991 
3599795 
2635522 2740587 
22013 
665790 
4377333 
722243 203508 1773285 
626657 
3491456 
1568040 1491221 
1845642 
4078992 
795451 
1494200 
42873 439603 1017279 
37295 
995593 
243012 
568703 4145891 4400497 
1043255 3550136 
3151282 
3944035 
50138 456922 
65274 
696041 
95625 4009884 
1355539 
1436804 2964386 
324985 
2291767 
22184 
4383858 2459557 831110 
2741326 3629080 
344137 2446695 
1103333 2339918 
1959762 1141735 
4409098 
13860 
505310 4015096 1846737 2872824 
229986 
1355602 
3156361 
116356 
245485 
93976 
2223360 
2969509 551239 2302646 
1946854 2201459 
2697342 
3072261 
1357563 4176202 
3993424 1276664 21997 3433274 
1985441 
2212320 3270232 
2709493 
2029916 1369422 1566701 
1652674 
3894752 
119478 1570366 843525 
41561 
2211010 3046388 
2647092 
3228356 
413199 
4323586 
1915267 
2794084 
47098 3731574 
1082419 
3204810 
1516964 4272742 
54156 4039607 
2356827 1506885 2858313 
3028185 
927521 
3303398 
2639577 
2444375 
2396178 
2848638 
2580631 
3801826 
1790354 
62178 
757092 
220642 
362488 
2969453 3329974 4016716 
2514208 
3280346 
2650293 
3156174 
834988 
3083839 
855440 3646491 
1815641 
1317731 
2273727 1407879 277329 389633 
634987 
773562 3159569 473693 
1385191 2274189 182569 
3262646 
218130 
3183628 1690360 3973477 
2750932 996756 
1366597 
3941859 992937 
2603306 
4095819 4207278 
3670338 8991 
27323 
2364894 2501799 39747 
482822 
1590515 1877076 3640151 
3243054 
2222210 2809685 
901349 
1590826 396221 1363622 
3548984 
4152773 
3224526 
466132 4011182 
1143180 
1300759 
3973185 2572610 
1061116 
136281 1448128 
1462091 
3320029 
1365326 486222 
1079770 
4005447 
1503576 3040727 
1261320 
3104699 
2098178 
2326482 4348833 996428 
1601430 4204022 
3770261 
3617330 2144765 
3572858 3832815 
1753236 4280072 
4384120 
3973674 3700159 3436851 
2611 1571874 2012894 
47512 
2958962 3901407 
1079973 1339258 
3886195 
740494 607970 1065910 331412 
1571064 
2808492 
51189 2737144 
451129 
3501042 815916 3713332 
3478818 
2003321 
4019397 
2571485 
131070 
380724 315228 
2851915 
55511 
1488425 
2353596 4363304 
2536411 
474025 
113124 
2333568 
3191554 1420271 
1105316 
1341435 
1479246 
2308327 
1489847 
2145177 
2368079 177496 
493090 
13715 
3504387 
227604 
3111366 
57695 
1357211 
3984492 1881729 
751532 
3430469 
1464056 
1876295 
1559330 
2288503 
1031471 521139 
1520400 
16079 3185291 
1529227 839087 
329724 5691 
625485 
1369474 
815990 
1967003 2322128 
599699 
805208 
2904858 
2348513 
168871 
1218974 
2890392 
3457682 
4269090 3935476 312750 2595358 
729154 
1836993 
2897880 
2100483 
277154 
2465571 
1600388 2092213 
364784 
404252 42319 4004000 
1252704 
4030881 
1797787 1168035 
4309781 
195134 
560310 3483781 
12838 
403864 2136476 
334640 
46834 
79046 
1014593 
1886717 1368233 
1795306 
160598 
2982000 
45033 
3667416 1686065 
706573 
1137376 
4359924 
170431 4313787 2429290 3558955 
3550536 
550622 171778 
1667170 39599 
455102 
1740556 
3762964 175241 
4353630 891270 
1191760 2897676 
2560145 4378910 3181626 
3460642 1610562 
916524 
4046596 
4037073 
132709 672179 
4194810 3070620 
168571 
2634999 
737481 32753 
1551377 
2507667 
1779589 
97046 
2481332 
4021460 
4433641 4241136 
8160 
4013453 1285497 1389178 
1641508 
758458 466213 3266711 3823728 
874752 
2569298 3053469 
2524264 947535 
2538036 
4432024 
3259389 612610 654665 
2843627 3742820 
3163800 
639874 
1713790 313385 
2719934 
1512057 
3013473 
836671 
2286434 
2536259 4077604 
504573 1876343 103510 
196069 
50272 2639040 
100588 3590489 
3800892 
211036 
3123031 494566 910068 3452064 3688632 
2760156 
3512366 
724502 
166536 737440 
316595 
11218 1407388 
3450564 3327692 
882443 
491423 4078316 
267236 
3171721 1483376 
489364 
2664062 
1092023 
1781799 
1567028 
82562 210783 
1051605 
3363643 
3278380 
1449046 509550 
1051133 
3149425 
88458 
3765657 
348759 
2171641 
128215 
1386511 80769 
3949327 
459259 4399608 
3836912 
946388 3167522 
3400894 
3491141 
3181009 2327330 
4028745 
4386872 
1370659 
3158805 
3132199 
57004 
24333 
535424 1808855 806731 
3044308 
2242884 
3621441 
97468 
2462972 619639 
2910169 
826738 3420444 2746232 
3860543 2073817 
4324508 
3161845 625408 
2703504 
1323979 121767 1455219 
183195 
515030 
3438956 
1583368 
2915722 
3154518 543857 3525408 
2293080 
183050 
3820177 
880620 828953 
3620547 2319855 
1660529 
4105433 
314746 
2222109 
1651427 3700146 3910718 
3680776 
3489644 1369333 
3067799 952302 1107871 
1615987 
2328275 2017291 
524934 3082991 
2517218 3546968 3691493 
80052 
3637450 
95086 3368905 
1748257 
1279835 
2003301 588635 
3329296 2196489 2057155 
1299596 
22999 1761040 48221 
896072 
495097 711755 2314042 441410 
599819 2620375 
1877689 3416578 
69296 
3724662 
2933616 
3101903 232869 1036001 
2619259 
2175235 
1237955 
586699 
619483 
2894463 4322907 
1437633 
3760923 
127109 
1350760 2616911 
358017 3837820 
3764646 
3693254 
2981488 
2707677 
542052 
4310264 2034097 
19517 
656379 
736053 
1751458 
1155723 3596684 
3450897 
1842691 
1010126 2297163 
12334 
670 
2702667 3665695 
3018887 
1646203 
95693 
1705884 
1948387 3880425 
3989264 
39983 
3603389 
2175206 681484 
1276928 640995 2522493 
3676172 224487 
73780 
2689553 
2088794 
3627410 2614496 
171384 
3672382 
599764 
3378047 2908758 
3461226 125836 
460798 2831917 
3861186 
4299254 3024113 43337 
709237 
182233 
125308 4172753 
2775428 
3066463 
2748703 3439491 2099234 
3200633 1908828 
684487 389989 
1347571 1934567 240799 
2441239 1547097 
1143199 
2297168 56979 
10389 
722340 
760038 4141170 
2148234 
2704671 
421661 819395 
13432 1150532 
1993734 2681603 3683133 
9650 
3002785 1505548 1781828 
1837877 3129208 
4030495 
151459 4074507 
44496 
2456345 
2016668 
2746744 1359356 
3665966 
2573392 
3394838 711388 
1304582 303453 
4272498 
692574 
50849 
823271 4032029 
60878 
701180 
440188 2844171 
2519886 
1570946 
2911628 
49836 1422518 
2668562 
3767392 3864220 
2666475 
4334159 2248812 
3085847 
664004 56252 
1446796 
214061 
3378722 1671051 
365456 3413128 
1939381 326051 
1723218 
338354 
663992 
3075260 
1925230 
1607763 
401502 2697511 
1494253 
3993441 
76523 
4070922 
1903378 
3995390 417750 
707664 2701726 
2979301 
2214056 
2772303 
2683990 
3315420 
2579309 
487247 4010684 
1695647 
468237 
2822447 2474880 
4084932 
3034070 
145380 
2977370 2716701 
3462110 
2404766 4092794 1496110 
3866990 
1830313 
1122773 
2751040 
1218561 2903811 
3048896 
71690 1740455 
2359065 85212 2140767 
613588 
1383392 3591196 
696517 
184937 931067 
80084 230844 
3953170 
1926615 
2589890 
1850701 2038905 
2251262 
3909827 
2846537 1809879 
303146 62008 
1262735 
2704482 73138 
729744 1900756 769980 
1417583 1881652 
171340 
51576 
26843 
1429758 
800908 
517253 
2227290 
1895144 
1966114 
4424696 3540927 
3452043 
4272291 2512815 
2180019 506451 
4092585 
794806 
2447236 
894878 
1126702 
3269195 2915211 
3720444 
1819098 
213221 
4127507 2362098 
668449 1513462 
682126 1051043 
3403748 
802800 3289149 
1597444 2546318 
1896527 
1365833 
3166737 290233 
1368196 
870947 
3070420 
2741001 
1769929 
419526 
14400 
3596940 986818 
2296581 
1932194 1289115 
3239445 
3789420 
3270263 915620 
3205072 
2242195 
268365 
391390 612414 375168 
1596499 
1225066 
1965031 
3037134 806738 3990091 
582492 
3002197 
153132 397153 
152519 1878934 22400 
3074001 
2153757 
2347032 2376870 1580949 
1609410 
153424 
3615615 
4294975 
3104345 
15953 
1780240 4070601 1725076 
2435784 
3631411 931107 
237186 979766 
1073444 
4105077 2361716 1083390 
345766 4277035 
2426081 
3886052 
2684590 3852008 
2839939 
3540806 
2664220 
1279588 
3268321 
26206 
3024083 4309209 
1515501 
4306537 
4136693 3375867 
231233 3321878 
3199165 
1284270 
6429 
2317199 585916 
2976198 
2777157 3993712 
117384 
721158 
3285150 2858629 
261562 2237938 
3983621 
1964619 
2553435 
3635452 
1934182 700143 
476394 
2464814 
2040265 
11032 
1342090 
3457260 
2881233 1622546 
3541185 
1107390 
2750069 4075998 
1267591 
285573 2497511 
1463672 
310139 1569057 1781225 
3446019 724410 
3209074 1193981 170203 
2721013 
3559197 
16400 
301735 
230303 
47480 
501883 
1560888 
3386362 11764 
2482639 22760 
193340 
275095 
2842481 
1121923 4054585 3356796 
3406719 
603167 
2711784 1968109 2392666 
2165482 
215671 
3860070 
3973712 
1398590 
1190726 
2415192 
1549437 
3083191 1628473 1920589 
200316 471278 1232816 
164144 
158209 
633081 
3839170 1425059 2421328 
3171769 
339715 
51691 
939476 
387948 
315325 
203255 
3229532 
3972286 142686 
3500478 4344158 
772981 4168512 
2445086 
1073339 
923631 
3861049 103095 1429188 
3764643 
1553653 
122753 1849899 
4418986 
881785 
4232072 
1366123 
2317128 
4193499 
605576 
4192918 
3566342 
2771654 
49786 
2690086 
3509503 
389727 
1286428 3431886 
3504430 
82996 
1389322 
1453149 
1265917 
3870753 
3948658 
2976980 
14470 1450781 
1154377 3706624 
45513 33935 661410 
66091 
2652686 22403 
240960 14856 
1923868 
22868 
3411927 3195251 
3102779 
228169 
298180 4362338 
1886372 622978 
3997086 
119954 
2125922 
2310185 
4348086 
836818 
1811152 3987983 2301811 
3750701 
20577 
3860902 1903086 
1366253 
1439425 
2293673 
184305 179171 
2104381 
355718 
3869241 
3043291 
1186173 
1382143 1929921 
1561978 354171 2622979 
4316588 
45101 
2574787 
1804721 
1272552 
1077578 
3279452 
3938091 322765 185677 
750170 
2220941 3714661 
1200081 
29381 
462866 1970931 
3088420 
566510 145593 836810 
1353772 1186839 
3695079 72834 
2578315 166646 
3815522 2959466 
2153637 1282761 
3072715 2722086 
3409370 
2615859 
3848939 
1996733 1685770 
757279 
2582196 1787330 
3184204 
638895 
3271753 
2990897 
1360023 
2521775 
3887035 
1513452 2111053 2490385 
3475649 
1384077 
1103122 
248729 
436647 3152313 
2626479 2665777 
4162272 
1825944 
1392203 1995285 
1916152 871517 1047020 
1114413 
25442 
2290212 
3915562 
353347 
1285376 
392685 
1163840 818450 
54755 
3595157 
1851978 
482258 111433 
2818603 242906 
1746585 
4366208 87139 4028640 
1192896 
3340328 
3539267 
3045140 
2616836 3101706 
3199425 
2436581 71741 1431278 
160143 
2980259 
4256602 
3739413 
4249014 
3213377 42570 
3184129 
3261412 
2016201 
4081211 
4735 204795 
2889003 3473824 655743 
1512349 3238673 3056273 3534196 
1224000 
1420256 1574717 
3113309 
135691 
61358 
4015160 
3545760 
55119 
2907392 
1793520 
2981130 3595798 
2514962 133060 
3444743 3683031 
3729954 
171690 
3546659 1056575 
3471716 
381546 
3594812 
1868454 
4266012 
76204 
1441455 
120540 2526457 1458891 
328796 
238708 944174 1505081 
4164449 
3046580 2577796 
2312947 
2131953 
1488480 
384945 
3905441 1557231 
3355859 
1584989 
2803431 2403097 
1019346 
155697 
1253148 
1459101 701885 
3109575 1757914 
766188 1401346 
47415 
2683507 
1939881 2500679 2972099 
509669 187116 
2047042 
3452265 
27667 170098 
323587 
333302 
2741378 215035 
214248 1938825 
4133235 
3623497 
3641328 
2035464 2331558 
775893 
3936240 74932 436927 
438059 1446508 
335007 
1243002 2620544 
2574326 
2960758 
2799401 3621409 
1972235 2526953 
3658897 151973 
4329770 
1150735 
629802 
3180071 
2962829 
2948220 
26683 
1210094 
4383435 
1863579 
50947 
2607342 599820 2542179 
2299581 259097 
1083402 
1058048 
2222044 
808434 2155327 
1989774 
3047675 
3775326 
2127930 
697712 
1145367 2010282 
848473 
160214 
1804452 
211497 
809521 
1370922 
3192417 
1393805 1332815 
528808 
2988361 
754390 
4084427 
620942 2261548 
2011298 
3116279 
772392 1937919 
195024 507790 
3104749 
3375681 
2330803 
1119155 
1426665 
3617394 
1731810 
3358148 
763968 
2530546 3859136 
577968 
798869 
747742 
2571507 
3925248 
33899 
2798255 
633687 
1481208 
2047622 
1176161 957790 36720 
2105315 
45118 2023166 
838581 
743919 
1372793 164038 
1544013 
3124903 
1111643 3648279 
1385769 970729 
1276161 4342249 1899954 
867449 
963993 
1054623 2464788 2353132 
2885611 
185173 
3672106 
2235775 
3372050 1059710 
1954682 981105 
4299709 
3427147 
624539 1591582 
3879985 
3868598 
183488 
3983 
483349 3030939 
2200585 
554335 
1487884 
51444 
2463016 
50155 
1919346 
3227069 3835135 
159289 
2971075 
1077267 
383832 
5266 
3786768 
1438518 830774 
463101 
121995 865792 
3091720 
872542 
4232070 
254520 1302160 
138144 
594147 
4055790 1506882 
1656343 
4160220 2954297 
1364598 
7123 
2188845 
624552 4017254 
3699260 134465 
218389 
1623006 
647767 
2524263 
2956895 
468623 1413658 
296392 1330956 
186488 3375616 
2518653 
2980573 
74686 
1113174 4075992 
2576870 
1415940 
732838 
2693190 747439 
2742924 
2151592 179851 
105414 
2716137 
1594327 1695453 
3931112 488616 2012775 
785489 
136803 3305141 
4189521 
1404979 
2359103 
4263590 2560628 
97084 133986 
238481 
1788273 
1329164 
3028999 
3071468 
2702166 
201493 
385293 
42253 
2171480 
3640665 
1899718 
209710 
1555848 
55635 
2593659 
2892812 
3866093 
2635542 
155331 
86876 357368 
2634706 
2915786 
22262 2586214 
4093403 
2829829 30639 
1586301 2799979 
4097345 
1005881 3465672 
4291599 
2313339 2916776 
1859577 3084003 
1384579 
3015663 
2739552 
2048269 
348020 
2454700 
758893 
1973 
462749 1655145 
49574 3934583 
449542 2904492 
1171572 
3655863 
3747845 
3992832 
2933898 
740599 
2523897 3329270 
3706580 
25382 
1698994 
3370472 608102 
1524047 
2059843 
1626332 
3500304 
183587 
2654616 
3788927 
2987046 
4375149 
2013058 
801625 
563795 
74466 
166020 1547046 
3281219 
3861858 
2585756 
3320763 
2786839 
4175698 
1773946 
2256253 
2783912 3326511 
2227287 
1304159 
1958629 316241 
3281983 1554786 
3377451 
185928 1991015 
783535 937909 
3298699 
839150 1332363 
3810279 
60739 
1461909 3622721 
2435011 
214259 2981261 
1480551 
1233158 
3965575 
2704606 
4111626 
138322 
913399 
36532 
846459 
469106 
67804 
1530887 
4022040 
4292671 
2362456 
451290 1182654 
108142 
3373995 
15118 
4136351 
95880 
1763962 79626 
2247288 
1776257 2698663 
1867696 
3145161 
761900 
2780135 
2013468 
2289998 3986128 
83505 
4060437 
4013292 
1486612 
3721933 
4019624 
1245166 
2124857 
2553382 2526760 
670233 1452053 
3514698 
2923821 
277142 
92736 
950388 
2103656 
64496 
439104 
3802639 
4046261 4363060 
4404583 
1670245 
4134761 
160076 
1386363 
855432 
4308805 
1746348 3677267 
96759 
755443 
2709882 
1057008 1898058 
3582025 
869801 894614 
667193 3060153 
1133928 
267775 
1373065 
52186 
1469547 
171876 3291546 
441560 
10260 
921287 
4304072 
1658965 
434660 
180188 
273211 
1780256 
1536163 
3699351 
60913 
141734 
2589631 2296961 
3622699 2600934 
238434 
3553483 
7822 
1009029 3754944 
2364244 
3369601 
2635736 1777265 
2898503 3616622 576286 
83558 
3995494 
673473 3499603 
2977817 518831 
2858717 
712863 
3686142 
2925132 
3574753 2951983 
295458 
912907 
2933538 
1758628 484097 3019604 
3173916 
909337 
2705765 
2145533 
3595307 2091879 
1919981 
927217 
3297490 1842859 
2045228 
1585948 
1003510 
50125 
2672977 
1669486 
1320152 3891713 
2838900 
1449271 
4121073 
1084908 
1329889 
58698 
3992059 
48861 
4014558 
801485 
882510 
4081191 
2685332 
30985 
3801275 
2808838 
3071487 
2578379 2297096 
1224124 
3144591 
712390 
228194 
1200614 4339234 
185023 
3526989 
2703511 
1009515 3673360 
487887 
2656956 1576016 
44509 
10518 
2286484 
3388018 
3458812 
4204813 
2028755 
4130057 
2713213 
3974429 
3685595 
1453814 
318566 
1626793 
3263015 
309621 
3397677 
1899055 
45918 
74258 243181 
3436511 
3066665 
11856 
1230801 3996955 2658249 
2730711 2574419 
1123209 
3565615 
162366 
1952451 2450763 
2789030 
123422 1245397 
1397663 
552298 
3544484 
11013 
933283 
3795325 
997982 1416512 
1677905 
3758907 
1999830 
780969 1664450 
74935 
3096295 1165305 
1365556 
3631408 106232 
11410 
50438 1528482 
2665583 
129472 
1159242 
3654791 
2862241 
3538944 
3721754 
2560462 
563913 
2959979 3118238 
2344719 2487811 
3243942 3843236 
1825504 
3746464 
2496512 
1278949 
4217440 182512 
2296986 1352639 
2363438 
2804073 
1532853 
3718114 
1195948 
3814031 
1968138 2368364 
565485 
4275004 
700875 
3593264 
2901011 
183021 
1746976 
4089734 
3591693 
1368008 1235877 
764255 
3074122 
1778490 
1867593 
2129279 134719 
1483247 928478 
2535889 689565 
1470300 
893347 590143 
462447 
2804110 
1043432 
4275488 
714920 
2560353 
2204566 
1734858 505194 
3306080 2468959 
66299 
3959868 
3348940 
79174 
50018 
3113944 
15120 
160557 
4138133 
1837211 
2767109 
1971603 2411083 
527041 1981037 
2977788 
2698224 
1662194 
2525893 
3913671 
1369511 
3777940 
1405761 
2946892 
1764034 
3296413 3781070 
1348717 1759130 
1702639 
3564471 
464295 
2972660 
3101713 
3384143 
3610138 
1768686 
1394637 
924726 
2402967 3363559 
4268256 
3971556 
1645054 647635 
200739 
809896 
1339375 535199 
1794218 
1909967 
3810008 1418726 
75011 
2213851 
2685307 3727439 
3196672 
1869333 
611478 2538854 
4218023 
4288579 
2622549 
1631295 
3102456 
534168 
2560640 
339867 
1585445 
3252541 
295581 
4111402 2324466 
3018600 
2228755 
778131 2191457 3663728 
2895146 
2044209 
511876 33199 
1937561 
3165806 
1836748 1087710 
779103 
1188847 
3285882 
2886424 
3249922 
4174676 
2950268 
32204 
3773927 
2681606 4144579 
1539154 
3362958 
3485426 
1263154 
9882 
2190597 
13069 
2502772 
1340064 
823263 
436867 
1681017 
2941613 3021994 
29300 
1652857 
1047621 
2281233 
1110539 
1353717 
3509906 
1628315 
1826803 203306 
2638845 
1949002 
3332404 973110 
598297 
3788008 
257325 3610632 
4317143 
3003492 
4343607 
2025800 2747288 
324873 132798 
217170 
473797 
4118169 
2749092 850251 
185540 
3531325 
1078653 
1103959 
1058589 
1046868 17804 
3834321 4204159 
764805 
2475766 
7145 2341404 
555436 
125186 
101522 1050674 
3626139 1171251 
3155784 
44206 
4140111 
1588105 
3640708 
3914515 
2169152 19525 
4287116 
3031735 
2833305 
158658 
32510 2485696 
68358 
4070481 
3593224 2673899 
112223 1280266 
2664902 
1401884 52149 
1145810 
509764 
1656394 
1619828 1706265 
2749066 412806 2455317 
1548498 
3644062 
1212091 
3452664 
687411 
204840 
232899 1175390 
23634 2444394 
1621636 1873615 
3533117 
1943 
2694280 
360667 
2211 
2959875 
1132994 
3223732 2294150 
3741750 
1698989 
2226060 
4401624 3501993 
873541 
2830153 
1374106 
2432773 
4001093 
671874 3998037 
1354726 
2587708 
1799667 
3981986 
1190646 
2484153 
2229991 
3116202 
116044 
4105348 
1219437 
4414465 
1073247 872190 2934369 
2307169 
781666 
3363351 
395520 605890 2508258 
4009958 
475024 2564780 1295009 
1367132 
35392 
974068 64901 
1294362 
4378624 
2886711 
3858230 
2707451 1461140 
2548851 
1076232 
577196 
654508 
1228610 
365711 
1306675 
1840551 
875888 
1244511 
651420 
3649548 
1404483 
2618082 53915 
564871 
369853 
351569 
2281584 3983248 
1306250 34452 
3403574 
1317884 
110848 
2774686 
1610684 
610958 
2294797 
624620 1043780 
3337811 
1388496 
771164 
260638 
771462 
1890442 
1205825 955695 
3127450 
2688609 31570 
1288815 3052048 
704904 3580858 
3828775 816074 
13388 
1428242 
176868 
1671018 
3451020 
4057629 
730860 
2741282 
3168853 
2298290 
3323291 
523083 75889 
4133645 
1972732 
247734 
2912994 
3044944 
2348259 3540792 
3674183 
1797706 
3619963 
170011 
513287 
2378058 3778749 
3324885 2703751 
2972549 
1612544 
3438115 
1041623 
2311071 
4373892 
925690 
870468 
1185567 
2630156 127801 
1458677 18857 
47527 3048867 
549001 
1710734 
3376798 
3286001 
3042409 
3844747 
1289418 
4322370 
768078 
939915 896222 3171339 
228215 
1462371 
1357166 
603175 
2641247 
2298933 
4162403 730038 790760 
2039830 
3206601 
2338186 
2720989 
4134298 
3064163 2435853 
203244 
802851 
3150741 
3728346 
4343755 
1333445 3709256 
1723252 3122380 
62703 
3593722 1240976 
3841459 
1142913 
2964018 
2619125 
2646717 
1537934 
1116981 
1056236 
1323620 3217812 
3161159 
1127912 
327631 
2347281 
1566832 270475 
1372499 
711474 
1668284 
583331 
103515 
3200527 
1105371 
866431 
4103086 2241466 
2337798 
593255 4416629 
159869 3541387 3655011 
2823483 
2184551 
3368576 3515803 
2559237 
1402599 
1312035 
640811 
237548 
3266928 
1546159 
2464419 
793863 
349261 
3749573 
3382803 
577230 
2117979 
782125 1975647 
22298 
1588483 
4067916 
3896887 
3043861 
4229 
2083522 
133903 
1003524 505258 
3938160 
3789376 2625628 
609824 
1654312 
2096352 
2165678 
802801 
27492 
3679410 
4205159 
268921 
446154 
1606163 
3830509 
139947 
1956513 
317640 
3482433 
3533073 
1138221 
4074452 
1601064 
1992250 
2108464 
1823588 3360914 
1384063 
3240615 
2956692 
1006054 
110741 
524097 3591924 964250 
1526827 
3973869 
787504 4350639 
1550452 
4374140 
2702541 
1275788 
100758 
3992780 
1926671 
435309 
2784504 
1418967 
397757 
112346 
315467 
1523435 
202918 
361879 
3779412 
2489417 
2628316 
2746989 
2382261 
132474 
1841630 
2867217 663621 
4337374 
1098861 3072755 
3333680 3860539 362214 
54154 
507002 
1051934 
3254683 2003635 
2198852 
30210 
1588072 
275054 
236083 3906837 
2112150 
1937032 3075429 
96160 
2841432 4306990 
92903 
1431738 
4347160 
2624397 
2454699 
3456098 
4065304 
64985 
2620865 
11594 
796285 312075 
2318429 
667652 
1438264 
3743159 
3318833 
3885836 
3096168 
2258041 
4378569 
2095546 157149 
85356 732641 111931 
86238 
2414991 
832208 
1607681 
3879539 
409966 2028948 
1258430 
3506748 
2648634 
690324 
2896001 
1378444 
1661446 
3861047 
648212 
3559387 
1827946 
609614 
214524 
885094 
2658835 
1124060 
1153114 470026 
1603094 
640833 
3108797 1094689 
306115 
3614224 
3859928 
3379382 
131475 
2264315 
1042173 
367056 
3949187 
1703722 
3050558 
1996248 
170861 3165168 
1779676 
2238546 
4324331 
2650007 
2644666 
1590198 
1232157 1204646 
2849141 1138231 
2616495 
1107805 
677406 
24584 
3110952 
3765556 
1797224 
2407071 
3236384 
1110673 1317246 
2150463 
3538712 
359586 
333013 
996641 
1042491 
2788557 
2299561 4383426 
3916180 
330934 1905089 
1174434 
2216081 
3510165 
3473595 
2577792 
3887034 
2350506 
128374 
611719 
2414325 
3368232 
3443654 
1415698 
2396906 
8304 
3098712 
390953 
95651 
3180440 
3859562 
3520792 
2343375 607306 
3274696 
696299 
1671257 
1413858 
1544486 
2321179 
1394404 
1096798 
3942437 
3955190 
457177 
1538115 
2496953 
54517 
1354702 
959014 
3932397 
2991585 
2440966 
102153 913759 
17227 
2065883 
2911795 
1380775 141194 
1277640 
3603976 
2657361 20791 
47427 
2780211 
2859727 
55094 2718698 3241726 
848176 
290697 
4093025 
1121673 
512968 2610943 4440601 
4014971 
3406604 
3484350 
1662403 
303349 
2366420 
3974420 
2301086 1550055 
1804552 
2145490 
568653 
493033 
2072454 
409653 
2917412 
2249942 
3424040 
2819128 
2554900 
2828308 
60686 
3374084 
3721258 
1234183 
2956640 
2684704 
1217494 
1972673 
1383320 
353348 
24590 
1513389 
897988 
200978 1468242 
2587038 606706 
224968 
3468055 
1714615 
1946469 
1768096 
1925389 
3746350 
53626 
247766 
2335929 761926 
935679 
3917096 
3919077 
569598 
492530 
1629010 
2127916 
2458574 
1328207 
4098652 
1935962 
1954216 
3663780 
1416616 
4031215 
1600298 336765 
198424 
239504 
3591836 
1780266 
2942127 
3071484 
3259474 
1837013 2879932 
166040 
3645693 
660772 
1326342 
3568086 
3718630 
1567345 
12916 2745063 
2419175 
2931138 2360139 
3217273 
3402366 848113 
3374794 
2029888 4023636 
3162349 
1459026 
2759054 
3534079 
2050791 
2505506 
4003948 
22396 
588988 
149165 
2308618 
1785519 
228235 
2457312 
3254356 
90140 2773266 
793802 
3233614 
1902895 
1340312 
1443712 
817533 
3259552 
9109 
2994560 
3259862 380605 
2220963 
26284 3307307 
2076886 
721299 
440094 
2612339 
1668050 
2440216 1965091 
2509567 
1646965 
317388 
388298 
2111657 
637200 
2739090 
579683 
2190546 200664 
2826947 
3104353 
164502 
735710 2247386 
732321 
2001033 
2124818 
885625 
3708283 
4178898 4266982 
3335675 
2590936 
2959576 
322246 
1706274 
2161355 
59865 
309293 
3257963 
3923486 
3688133 
1951035 126042 
1139660 
2362455 
645295 
1254231 
220426 
4093560 
1909901 
100801 
3869360 
1230933 
3615812 
689877 
2454667 
3764124 
762143 
1024894 
3253326 
339160 
3976784 
637479 
483299 
205261 3554735 
2321879 
871762 
1122285 
380691 3140156 
1360466 
1664250 1299463 
3718974 
4378326 
1782570 
928206 
1382657 
3421206 
2496253 
3005739 
2936037 
1628347 
2286339 
281044 
2052025 
1392729 
4180511 
3831502 4392049 
2908725 
435447 
1981219 
1078276 
787655 
150298 
1244857 
627531 
3953468 
143802 
2935717 
701866 
605036 
2420747 
181732 
2301185 
1214879 
213380 
585390 
529376 
2280517 
3856614 
2362978 
774788 
1474820 
72813 
144220 
2585676 
219648 
3835129 
3859073 
1807264 
408176 
2688064 
462913 
3101998 
4035503 
3265563 
644241 
3901532 
1097145 839147 
376936 
336697 
241693 
4328297 
794039 
4195967 
3339489 
722033 
103501 
177649 
2911361 
318316 
2348807 
899255 
3534187 
3910824 
3006330 2416103 
1561373 
2465038 
580466 
22366 
4216777 
1262288 
1370457 79594 
4162690 
294778 
2016741 
415903 1575408 
3725802 
164897 
346281 
1843246 
1001662 
2704609 
1275891 
1555935 
1087300 
1379949 
1494036 
2819246 
96465 
3403406 
434791 
2517442 
3574301 
4185908 
3318753 
778294 
72989 
260851 
16305 
2856025 
33944 
255818 
2390026 
4197022 
1647734 
2940136 
407068 
2024318 
726940 
4218219 
196066 
1213320 
152204 
215213 
498385 
2247422 
1542736 
2575245 1176478 
1662162 
2601072 
543560 
3853248 
230676 
964790 
2200429 
36648 
3527608 
2535857 
978462 
210615 
1607014 
511407 
2316329 
185763 
3119944 
198051 
741133 
795078 
3719858 
3853096 
1870850 
1403312 
872780 
3441222 
1001464 
1593676 
1422265 
4138048 
1576646 
614732 
3896567 
1035157 
726851 
3527080 
2957115 
3281628 
1662749 
89682 
879802 
42716 2578502 
1916392 
3216963 
248985 
3891578 
899084 
1394874 
137826 
110271 
1060820 
3053567 
3710033 
1087694 
458013 
1376177 
4138156 
3730344 
163200 
2728027 
16923 
1393821 
61721 
1584393 
1034557 
2293419 
1784306 
2993638 
349197 
2707497 
3648943 
3111741 
73665 
2671485 
1452825 
96403 
1143837 
2047323 
343363 
2900536 3800444 
714947 2826237 
2586238 
2301329 
1939797 
91853 
1337337 
897833 
3157782 
1003889 
1818682 
1128107 
1531984 
1921557 
1380948 1233395 
3824079 
778951 
470046 
2570209 
86252 
970936 
58975 
89979 
2370927 
304111 
2047430 
1172575 
4289552 
2952956 
4185787 
1352267 
1181508 
2307553 
3527791 
3195144 
2732782 
188548 
2702100 
3670539 
575281 
3471228 
1830637 
3281209 
597937 
3874163 
590932 46068 
1003056 
3072711 
3596279 
3671958 
1739013 
1061703 
1557847 
2300798 
2931161 
3560250 
2635640 
2742968 
2261612 
604725 
766787 
738536 3461891 
598536 
3042269 
1778695 
1777747 
3113445 
78265 
4294613 
612810 
196071 
2982993 106518 
401826 
117134 
2832437 
426049 
202562 
2561826 
118534 
1787052 
62522 1296053 
275574 
794400 
2389788 
2599865 
3746157 
1680205 
40920 
1376537 
1550673 
4188148 
799127 
3924424 
1377589 
284030 
4347438 
2652833 
714590 
3588483 
348374 
5213 
2786036 
2151502 
76682 
3250640 
1376630 
2265767 
957499 
1247955 
2725574 
715921 
3165860 1013810 
4390105 
2807148 
1648960 
3972810 
1877118 
2676697 
2858248 
51846 
1310487 
2340867 
124574 
1002382 
1803132 
780173 
782062 
1934968 
1241577 
2361323 
3101999 
3935592 
866057 
3621914 
4019608 
3438182 
1220378 
3341860 
3101854 
70893 
1955754 
650171 
3003575 
3653937 
213942 
2883070 
2188233 
1721783 
3593692 
834023 
1919368 
775776 
3194753 
3638807 
122772 
3071785 
1355179 
1391762 
622591 
915708 
3909857 
12563 
3053336 
3718459 
2718583 
3316626 
3421182 
675103 
847902 
143097 
15102 
349189 
4051770 
2330920 
1703359 
1054806 
3185849 
221415 
2079768 
1305864 
25229 
3012355 
44862 
259758 
2299397 
17729 
2128203 
1658986 
11053 
2083944 
45323 
2553730 
3072750 
3610556 
1160170 
89009 
1124645 
3686337 
2736669 
103094 
1464795 
2640240 
2436623 
2638438 
1865819 
1138361 
1164287 
4339220 
2985266 
167553 
307580 
346509 
778816 
1643083 
102715 
1393078 
3660871 
2220653 
3771412 
755854 
919247 
68733 
1853075 
52770 
